/* LSP Quantization Tables                                              */
/*----------------------------------------------------------------------*/
#ifndef _LSPTAB_
#define _LSPTAB_

/* Rate 1/8 */
short lsptab8[160]={
  1379,
  2277,
  3660,
  4775,
  6846,
  1800,
  3219,
  3607,
  5207,
  6733,
  1481,
  2464,
  3743,
  5069,
  6471,
  1621,
  2611,
  4119,
  5552,
  6808,
  1369,
  2079,
  3954,
  5194,
  6687,
  1545,
  2593,
  3992,
  5128,
  7310,
  1787,
  2633,
  4243,
  4976,
  6610,
  1830,
  3084,
  4593,
  5835,
  7522,
  1489,
  2410,
  3912,
  5060,
  6885,
  2070,
  3121,
  4052,
  5791,
  7125,
  1729,
  2764,
  3798,
  5174,
  6794,
  1700,
  2665,
  4508,
  6004,
  7091,
  1456,
  2257,
  4298,
  5329,
  7097,
  1618,
  2683,
  4282,
  5512,
  7581,
  1832,
  2975,
  4374,
  5341,
  6869,
  2011,
  3231,
  4847,
  6319,
  7588,
  8789,
  10022,
  10194,
  12066,
  13361,
  8001,
  9493,
  10674,
  12787,
  13548,
  7649,
  9856,
  10779,
  12634,
  13457,
  8489,
  9751,
  11206,
  12626,
  13532,
  7959,
  9576,
  10721,
  12382,
  13216,
  8085,
  9748,
  11020,
  12919,
  13847,
  7005,
  10859,
  11163,
  12525,
  13415,
  8740,
  10090,
  11279,
  12980,
  13890,
  8559,
  9992,
  10813,
  12611,
  13770,
  8177,
  9625,
  10939,
  12403,
  13669,
  7916,
  9887,
  11183,
  12592,
  13638,
  8460,
  10399,
  11437,
  12704,
  13616,
  8012,
  10051,
  11003,
  12401,
  13290,
  8246,
  10232,
  11091,
  12961,
  13893,
  7467,
  10413,
  11086,
  13122,
  13496,
  9141,
  10572,
  11684,
  13175,
  13884};

/* Rate 1/2 */
short lsptab22[1792]={
  443,
  597,
  1291,
  752,
  1173,
  3452,
  685,
  997,
  2929,
  619,
  1254,
  4516,
  672,
  935,
  2424,
  1538,
  2241,
  3576,
  1034,
  1865,
  2808,
  1249,
  2549,
  6309,
  709,
  960,
  2048,
  1020,
  1963,
  3371,
  992,
  1753,
  2559,
  2133,
  2971,
  4681,
  1073,
  1652,
  2053,
  1728,
  2040,
  4004,
  1143,
  2104,
  3002,
  1602,
  3443,
  5532,
  773,
  1052,
  1838,
  909,
  1597,
  3317,
  899,
  1327,
  3064,
  1436,
  1977,
  4994,
  881,
  1484,
  2129,
  1691,
  1993,
  3565,
  1376,
  2005,
  2800,
  2338,
  3341,
  5723,
  947,
  1356,
  1723,
  1037,
  2174,
  4094,
  1410,
  1684,
  2611,
  1871,
  3554,
  4721,
  1110,
  1654,
  2391,
  2144,
  2592,
  3787,
  1263,
  2402,
  3352,
  2156,
  3372,
  6943,
  507,
  670,
  1790,
  747,
  1281,
  3914,
  1006,
  1489,
  2688,
  740,
  1570,
  5631,
  888,
  1316,
  2300,
  1625,
  2598,
  3436,
  1003,
  1848,
  3112,
  2078,
  2987,
  6053,
  797,
  1285,
  2069,
  1108,
  2165,
  3638,
  1153,
  1899,
  2362,
  2127,
  2837,
  5068,
  957,
  1691,
  2276,
  1948,
  2359,
  4176,
  1743,
  2091,
  3238,
  2845,
  4625,
  6283,
  819,
  1188,
  1651,
  925,
  1784,
  3692,
  1188,
  1504,
  3091,
  1869,
  2445,
  5215,
  895,
  1496,
  2466,
  1681,
  2789,
  4050,
  1610,
  1945,
  3023,
  2317,
  3455,
  6311,
  920,
  1371,
  1924,
  1522,
  2316,
  4130,
  1371,
  2066,
  2511,
  2760,
  3712,
  4708,
  1368,
  1833,
  2326,
  1819,
  3113,
  4185,
  1936,
  2414,
  3165,
  2569,
  4634,
  7125,
  690,
  956,
  1507,
  1196,
  1515,
  3508,
  880,
  1288,
  2756,
  894,
  1815,
  4639,
  814,
  1190,
  2498,
  1722,
  2542,
  3754,
  1336,
  1769,
  2974,
  1878,
  2509,
  5884,
  806,
  1119,
  2225,
  1338,
  2064,
  3261,
  1255,
  1812,
  2589,
  2373,
  3339,
  4816,
  1225,
  1542,
  2145,
  1728,
  2205,
  4577,
  1328,
  2310,
  3033,
  1453,
  3617,
  6542,
  835,
  1139,
  1985,
  1427,
  1744,
  3550,
  916,
  1610,
  2898,
  1632,
  2889,
  5000,
  1046,
  1514,
  2245,
  1901,
  2242,
  3771,
  1422,
  2263,
  2769,
  2424,
  3907,
  5811,
  1045,
  1506,
  1876,
  1477,
  1856,
  4326,
  1504,
  1788,
  2823,
  2440,
  3730,
  5294,
  1303,
  1623,
  2368,
  2216,
  2723,
  4194,
  1888,
  2278,
  3441,
  2246,
  3990,
  7229,
  716,
  980,
  1692,
  1194,
  1612,
  4040,
  1277,
  1562,
  2824,
  1359,
  2254,
  5549,
  1099,
  1369,
  2416,
  1901,
  2852,
  3700,
  1574,
  1866,
  3302,
  1962,
  2811,
  6599,
  981,
  1294,
  2118,
  1273,
  2646,
  3785,
  1145,
  2061,
  2638,
  2257,
  3252,
  5256,
  1194,
  1750,
  2196,
  1912,
  2573,
  4645,
  1594,
  2381,
  3107,
  1919,
  4466,
  6509,
  855,
  1224,
  1828,
  1502,
  1837,
  3864,
  1405,
  1687,
  3196,
  2089,
  2862,
  5516,
  1234,
  1501,
  2577,
  2212,
  2945,
  3913,
  1790,
  2185,
  2929,
  2533,
  3990,
  6540,
  1034,
  1480,
  2051,
  1241,
  2633,
  4553,
  1666,
  2027,
  2724,
  2937,
  4219,
  5403,
  1552,
  1887,
  2508,
  2349,
  3244,
  4262,
  2061,
  2591,
  3444,
  2886,
  5413,
  6987,
  3198,
  4053,
  5552,
  3111,
  6589,
  7434,
  2951,
  4888,
  7423,
  5580,
  6463,
  8191,
  3564,
  4980,
  5738,
  4269,
  6987,
  7525,
  4093,
  6139,
  6708,
  6576,
  7503,
  8828,
  2944,
  4107,
  6899,
  3154,
  6789,
  8329,
  3463,
  5861,
  6558,
  5113,
  7195,
  9538,
  4502,
  5243,
  6380,
  3515,
  7792,
  8872,
  4685,
  6604,
  7159,
  7021,
  8909,
  9870,
  3628,
  4381,
  5075,
  3495,
  5789,
  8611,
  3003,
  5721,
  7187,
  6031,
  7470,
  8119,
  3623,
  5184,
  6423,
  4376,
  7611,
  8252,
  5109,
  5831,
  7147,
  6300,
  8176,
  9500,
  3726,
  4518,
  6650,
  3361,
  6056,
  9574,
  4476,
  5200,
  7910,
  5663,
  8169,
  9845,
  4485,
  5153,
  6911,
  4226,
  8034,
  8770,
  5466,
  6193,
  7581,
  7610,
  8624,
  10379,
  3030,
  3931,
  6267,
  3706,
  6831,
  7516,
  3300,
  4609,
  8456,
  5473,
  7147,
  8605,
  4112,
  5331,
  6043,
  4994,
  6787,
  8113,
  4504,
  5907,
  7134,
  6811,
  8166,
  8842,
  3065,
  4889,
  6706,
  3670,
  7380,
  8094,
  3582,
  6351,
  7006,
  5738,
  8275,
  9014,
  4487,
  5814,
  6486,
  4483,
  7780,
  9330,
  5268,
  6581,
  7146,
  7658,
  8728,
  9562,
  3905,
  4578,
  6151,
  4294,
  6347,
  8534,
  3548,
  5413,
  7849,
  6658,
  7404,
  8172,
  4058,
  4777,
  7066,
  5611,
  7801,
  8453,
  5470,
  6180,
  6918,
  6902,
  8600,
  9278,
  3465,
  4466,
  7211,
  3188,
  7650,
  9703,
  4401,
  6356,
  7836,
  5381,
  8850,
  9638,
  4678,
  5408,
  7343,
  4798,
  8125,
  9854,
  5727,
  7188,
  7804,
  7743,
  9525,
  10748,
  3738,
  4360,
  5675,
  3722,
  6236,
  7919,
  2815,
  5371,
  7797,
  6322,
  7048,
  7836,
  4499,
  5224,
  5889,
  4602,
  7278,
  7896,
  4600,
  6213,
  6738,
  6937,
  7752,
  9216,
  2959,
  4167,
  7654,
  3608,
  6859,
  8940,
  3824,
  5828,
  7301,
  5954,
  7611,
  9011,
  4802,
  5553,
  6234,
  3579,
  8628,
  9453,
  4909,
  6925,
  7501,
  6476,
  9281,
  10318,
  4079,
  4787,
  5444,
  4420,
  5998,
  9479,
  3057,
  6028,
  7817,
  6319,
  7851,
  8468,
  4057,
  5425,
  6829,
  4953,
  7727,
  8496,
  4937,
  6228,
  7483,
  6494,
  8415,
  10125,
  4210,
  4885,
  6500,
  3017,
  6954,
  9599,
  4643,
  5648,
  8469,
  6447,
  7527,
  9692,
  4819,
  5535,
  6795,
  4467,
  8532,
  9260,
  5932,
  6613,
  7827,
  8039,
  9181,
  10222,
  3412,
  4359,
  6221,
  4040,
  6869,
  8120,
  4065,
  5237,
  8482,
  6129,
  6963,
  8508,
  4072,
  5694,
  6319,
  5207,
  7386,
  7972,
  5027,
  6285,
  6857,
  7443,
  8231,
  8933,
  3602,
  5148,
  7210,
  4351,
  7192,
  8750,
  4157,
  6515,
  7141,
  6272,
  8271,
  8934,
  5088,
  5884,
  6579,
  3852,
  8122,
  10102,
  5430,
  6892,
  7510,
  7396,
  9320,
  10227,
  4244,
  4863,
  5904,
  5071,
  6480,
  8758,
  4214,
  5773,
  7861,
  7043,
  7787,
  8480,
  4205,
  5221,
  7426,
  5104,
  8118,
  8969,
  5759,
  6487,
  7180,
  7164,
  8055,
  9846,
  3857,
  4768,
  7800,
  3867,
  7333,
  9640,
  4959,
  6166,
  8151,
  6203,
  8834,
  9627,
  4912,
  5719,
  7780,
  4580,
  8903,
  10087,
  6028,
  6806,
  7429,
  8341,
  9720,
  10643,
  7763,
  8392,
  10386,
  13354,
  9752,
  10600,
  11392,
  12273,
  8969,
  9775,
  10811,
  12570,
  10088,
  10906,
  12758,
  13290,
  7661,
  8529,
  12037,
  13251,
  9749,
  10334,
  12620,
  13179,
  9359,
  10187,
  11961,
  12610,
  10986,
  11640,
  12515,
  13064,
  6562,
  8208,
  12137,
  14156,
  10092,
  10937,
  11737,
  12399,
  8523,
  10667,
  11694,
  12607,
  9875,
  11186,
  13117,
  13675,
  8752,
  9754,
  12114,
  12751,
  8935,
  11459,
  12843,
  13316,
  8285,
  11457,
  12601,
  13302,
  11237,
  12264,
  13286,
  13774,
  8271,
  9187,
  10533,
  12728,
  9731,
  10393,
  11972,
  13197,
  9237,
  9879,
  10956,
  13357,
  10711,
  11376,
  12289,
  13283,
  7745,
  10369,
  11426,
  12518,
  9431,
  10277,
  13275,
  13873,
  9093,
  9891,
  12198,
  13737,
  10780,
  11859,
  13173,
  13737,
  7372,
  8999,
  12354,
  12934,
  9865,
  11157,
  12284,
  13190,
  8516,
  10824,
  11714,
  13391,
  9862,
  11680,
  13264,
  13845,
  7241,
  10370,
  13164,
  13787,
  9167,
  10839,
  13473,
  14178,
  8659,
  10375,
  12579,
  14309,
  11285,
  12628,
  13925,
  14469,
  7192,
  7748,
  11222,
  13926,
  9551,
  10561,
  12218,
  12833,
  9004,
  10372,
  11318,
  12273,
  10177,
  10986,
  12698,
  13863,
  7314,
  9781,
  12073,
  12787,
  9473,
  10699,
  12331,
  13420,
  8645,
  10125,
  12499,
  13260,
  11373,
  11954,
  12673,
  13255,
  7158,
  9031,
  11885,
  13706,
  10323,
  11168,
  12407,
  12987,
  9166,
  10855,
  11798,
  12490,
  10440,
  11077,
  13402,
  14100,
  8657,
  9525,
  12078,
  14151,
  8934,
  11912,
  12993,
  13766,
  7423,
  11471,
  12906,
  13520,
  11569,
  12122,
  13424,
  13972,
  8546,
  9345,
  11336,
  13025,
  9867,
  10755,
  11668,
  13461,
  9441,
  10144,
  11264,
  13922,
  10174,
  11515,
  12901,
  13617,
  7285,
  10709,
  12386,
  13062,
  9926,
  10577,
  13060,
  13942,
  9081,
  10486,
  12370,
  14063,
  11100,
  11736,
  13382,
  13943,
  7167,
  9319,
  12912,
  13643,
  9863,
  11275,
  12092,
  13602,
  9201,
  10914,
  12345,
  13026,
  10302,
  11884,
  13883,
  14480,
  8731,
  10109,
  13022,
  13679,
  9641,
  11204,
  13524,
  14250,
  9414,
  10893,
  12414,
  14360,
  11703,
  13046,
  14086,
  14557,
  7526,
  8225,
  11175,
  13251,
  9649,
  10975,
  11810,
  12573,
  9445,
  10215,
  10868,
  11964,
  10646,
  11326,
  12724,
  13302,
  8219,
  9097,
  12150,
  12795,
  9618,
  10758,
  12849,
  13417,
  9293,
  9958,
  12403,
  13019,
  10946,
  11562,
  13018,
  13577,
  7271,
  8254,
  12181,
  14149,
  10263,
  11180,
  11977,
  12733,
  8891,
  11114,
  11882,
  12967,
  10078,
  11396,
  13142,
  14181,
  8500,
  9412,
  12675,
  13305,
  9355,
  11275,
  13174,
  13743,
  8709,
  11144,
  12105,
  13993,
  11591,
  12598,
  13492,
  13965,
  7991,
  8793,
  11213,
  13057,
  9606,
  10969,
  11852,
  13055,
  9547,
  10261,
  11027,
  12706,
  10016,
  11892,
  12719,
  13289,
  7127,
  10215,
  12320,
  14057,
  9540,
  10793,
  13235,
  13839,
  9515,
  10143,
  12419,
  13556,
  10799,
  12367,
  13323,
  13918,
  8076,
  8900,
  12004,
  14115,
  10293,
  11043,
  12465,
  13471,
  9063,
  10726,
  11759,
  14056,
  10393,
  11763,
  13263,
  14430,
  7955,
  10976,
  13007,
  13544,
  9467,
  10672,
  13856,
  14541,
  9096,
  10665,
  12751,
  14453,
  11768,
  12802,
  13796,
  14277,
  7215,
  8117,
  11612,
  13939,
  10029,
  10745,
  12026,
  12884,
  8874,
  10382,
  11326,
  13491,
  10590,
  11320,
  12772,
  13814,
  8065,
  10236,
  12196,
  12971,
  9957,
  10628,
  12640,
  13571,
  9210,
  10440,
  12637,
  13196,
  11584,
  12213,
  12985,
  13536,
  6856,
  9675,
  12462,
  14132,
  10660,
  11362,
  12148,
  12814,
  9385,
  11258,
  12115,
  12775,
  10741,
  11383,
  13286,
  13912,
  8292,
  9917,
  12523,
  14087,
  9648,
  12149,
  12958,
  13747,
  8614,
  11307,
  13243,
  13825,
  11962,
  12532,
  13547,
  14131,
  8152,
  9253,
  11986,
  13467,
  10069,
  10742,
  12375,
  14294,
  9783,
  10506,
  11487,
  14012,
  10363,
  11892,
  12721,
  13946,
  7834,
  10856,
  12135,
  13631,
  9953,
  10905,
  13443,
  14017,
  9699,
  10453,
  12487,
  13990,
  10896,
  11879,
  13871,
  14451,
  7705,
  9002,
  13503,
  14270,
  9767,
  11644,
  12422,
  13609,
  9287,
  11314,
  12136,
  13432,
  10603,
  11974,
  13527,
  14124,
  9064,
  9847,
  13180,
  13980,
  9651,
  11844,
  13751,
  14320,
  9529,
  11196,
  12871,
  14532,
  11777,
  13238,
  14446,
  14845,
  7317,
  7838,
  10609,
  13818,
  9659,
  10446,
  11574,
  12842,
  8488,
  10166,
  11258,
  12945,
  10370,
  11093,
  12889,
  13508,
  7868,
  9327,
  11806,
  12451,
  9729,
  10348,
  12942,
  13603,
  9353,
  9992,
  11861,
  13296,
  11056,
  11687,
  12621,
  13474,
  7341,
  8523,
  12936,
  13749,
  9852,
  11195,
  12131,
  12764,
  8715,
  10651,
  12266,
  12856,
  10356,
  11157,
  13184,
  13778,
  8842,
  9652,
  11873,
  13317,
  9139,
  11791,
  12518,
  13454,
  8545,
  10849,
  12741,
  13287,
  11252,
  12539,
  13589,
  14142,
  8126,
  8959,
  10851,
  13728,
  9948,
  10656,
  12156,
  13580,
  9073,
  9847,
  11606,
  14051,
  10606,
  11790,
  12764,
  13412,
  7829,
  10155,
  11597,
  13652,
  9213,
  10077,
  13640,
  14370,
  9465,
  10152,
  12054,
  14288,
  11089,
  12145,
  13613,
  14141,
  7906,
  8966,
  12765,
  13518,
  9766,
  11145,
  12654,
  13560,
  9255,
  10866,
  11729,
  13504,
  9956,
  12143,
  13296,
  14140,
  7834,
  10212,
  13564,
  14264,
  8753,
  11205,
  13678,
  14391,
  8780,
  10923,
  12664,
  14335,
  11158,
  12808,
  14270,
  14716,
  6884,
  7619,
  11855,
  14135,
  9651,
  10935,
  12527,
  13063,
  9192,
  10679,
  11490,
  12874,
  10486,
  11262,
  12815,
  14336,
  7228,
  9934,
  12510,
  13254,
  9376,
  10805,
  12717,
  13902,
  8841,
  10660,
  12424,
  13603,
  10973,
  12100,
  12935,
  13498,
  6787,
  8938,
  12405,
  14240,
  10042,
  11361,
  12686,
  13224,
  8852,
  11359,
  12376,
  12990,
  10445,
  11149,
  13598,
  14470,
  8474,
  10301,
  11963,
  13815,
  9264,
  11604,
  13328,
  14066,
  8258,
  11767,
  12947,
  13702,
  11630,
  12286,
  13729,
  14292,
  8678,
  9599,
  10740,
  13395,
  10085,
  10996,
  11869,
  13939,
  9452,
  10357,
  11829,
  13748,
  10392,
  11658,
  13298,
  13893,
  8097,
  11082,
  12185,
  12975,
  10092,
  10902,
  13125,
  14361,
  9158,
  10361,
  13017,
  14246,
  11288,
  11998,
  13466,
  14475,
  7725,
  9653,
  13044,
  13659,
  10290,
  11543,
  12424,
  13467,
  9273,
  11080,
  12735,
  13310,
  10605,
  11477,
  14028,
  14635,
  8561,
  10649,
  13114,
  13937,
  10004,
  11212,
  13909,
  14543,
  9417,
  10895,
  12921,
  14501,
  12258,
  13174,
  14121,
  14554,
  7684,
  8396,
  11182,
  13862,
  10010,
  10786,
  11558,
  12859,
  9218,
  9938,
  11434,
  12883,
  10548,
  11483,
  13019,
  13584,
  7854,
  9583,
  12417,
  12994,
  10070,
  10785,
  13057,
  13636,
  9348,
  10118,
  12875,
  13580,
  11287,
  11869,
  13029,
  13689,
  7605,
  8776,
  12389,
  14240,
  9986,
  11530,
  12320,
  12953,
  8585,
  11345,
  12167,
  13515,
  10194,
  11503,
  13634,
  14232,
  9011,
  9720,
  12698,
  13410,
  9533,
  11615,
  12892,
  13377,
  8909,
  11322,
  12685,
  13847,
  11903,
  12515,
  13242,
  13709,
  8053,
  8943,
  11414,
  13932,
  10294,
  11071,
  11967,
  13252,
  9636,
  10385,
  11241,
  13308,
  10310,
  12203,
  13129,
  13695,
  7668,
  10289,
  12550,
  14248,
  9622,
  10503,
  13462,
  14300,
  9487,
  10218,
  12659,
  14378,
  10693,
  12480,
  13753,
  14378,
  8219,
  9274,
  12525,
  14229,
  10453,
  11300,
  12212,
  13863,
  9450,
  11030,
  12116,
  13928,
  10031,
  12513,
  13704,
  14184,
  7664,
  11300,
  13506,
  14065,
  9371,
  11236,
  13930,
  14559,
  9170,
  11101,
  12848,
  14436,
  11944,
  12524,
  14085,
  14609,
  7681,
  8434,
  11782,
  14093,
  9995,
  10734,
  12396,
  13141,
  9094,
  10424,
  12052,
  13158,
  10913,
  11660,
  12699,
  13914,
  8029,
  10242,
  12817,
  13394,
  9734,
  11149,
  12875,
  14054,
  9104,
  10650,
  13023,
  13629,
  11451,
  12136,
  12959,
  14153,
  7585,
  9536,
  12383,
  14164,
  10462,
  11589,
  12484,
  13037,
  9493,
  11478,
  12476,
  13041,
  10780,
  11535,
  13519,
  14339,
  9053,
  9905,
  12508,
  14254,
  9163,
  12246,
  13513,
  14111,
  8305,
  11991,
  13597,
  14180,
  12324,
  12948,
  13657,
  14189,
  8612,
  9446,
  11384,
  13900,
  9894,
  11261,
  12355,
  14228,
  9759,
  10600,
  11944,
  14207,
  10872,
  11938,
  13050,
  14257,
  8161,
  10744,
  12569,
  14272,
  9983,
  10737,
  13713,
  14463,
  9731,
  10614,
  12795,
  14415,
  11270,
  12029,
  14075,
  14589,
  8500,
  9555,
  13250,
  14137,
  9750,
  11717,
  12746,
  14090,
  9308,
  11455,
  12486,
  14081,
  10673,
  12284,
  14154,
  14657,
  8693,
  10314,
  13655,
  14329,
  9843,
  11605,
  14042,
  15084,
  9767,
  11446,
  13121,
  14687,
  12307,
  13653,
  14488,
  14835};

/* Rate 1 */
short lsptab28[2176]={
  465,
  635,
  956,
  2136,
  677,
  1630,
  1293,
  3132,
  744,
  1300,
  1766,
  2059,
  952,
  1879,
  1469,
  3780,
  636,
  1137,
  1434,
  2213,
  1165,
  1619,
  2291,
  2842,
  911,
  1526,
  1898,
  2210,
  1555,
  1803,
  2585,
  4012,
  727,
  992,
  1111,
  2352,
  1042,
  1635,
  2004,
  2862,
  877,
  1300,
  1455,
  2709,
  1275,
  1854,
  1982,
  3425,
  882,
  1170,
  1347,
  2403,
  1352,
  1590,
  2353,
  3480,
  1108,
  1390,
  1939,
  2613,
  1540,
  2060,
  3087,
  4262,
  636,
  894,
  1215,
  2179,
  918,
  1691,
  1751,
  3034,
  835,
  1418,
  1808,
  2412,
  1114,
  1984,
  2026,
  4410,
  772,
  1164,
  1674,
  2227,
  1257,
  1715,
  2439,
  3166,
  1044,
  1514,
  2028,
  2403,
  1447,
  1898,
  2600,
  4626,
  811,
  1060,
  1103,
  2637,
  1107,
  1786,
  2142,
  3122,
  961,
  1404,
  1730,
  2674,
  1313,
  2026,
  2215,
  3840,
  993,
  1268,
  1583,
  2433,
  1434,
  1713,
  2727,
  3601,
  1231,
  1485,
  2163,
  2614,
  1649,
  1934,
  2874,
  5347,
  1710,
  2747,
  3469,
  4217,
  1797,
  4386,
  3859,
  6358,
  1757,
  3650,
  3932,
  4832,
  2623,
  4686,
  5377,
  6875,
  1707,
  3261,
  2843,
  6094,
  2547,
  4309,
  5261,
  5961,
  2432,
  3619,
  3887,
  5744,
  2168,
  5388,
  6449,
  7100,
  1984,
  3098,
  3482,
  4850,
  1925,
  4841,
  4418,
  6603,
  2162,
  3816,
  4335,
  5022,
  3036,
  4808,
  5875,
  7199,
  2315,
  3277,
  3490,
  5880,
  2881,
  4105,
  5034,
  6483,
  2911,
  3685,
  4859,
  5489,
  2676,
  5547,
  6810,
  7571,
  2015,
  2740,
  3751,
  4482,
  2252,
  4525,
  3621,
  7057,
  1821,
  4006,
  3950,
  5278,
  2727,
  5095,
  5297,
  7480,
  2062,
  3481,
  2717,
  6776,
  2899,
  4450,
  5563,
  6350,
  2547,
  3942,
  4281,
  6040,
  2267,
  6036,
  6682,
  8183,
  2319,
  2960,
  3554,
  5307,
  2349,
  4951,
  4548,
  7170,
  2215,
  4153,
  4372,
  5533,
  3152,
  5201,
  6111,
  7752,
  2698,
  3346,
  3288,
  6387,
  3264,
  4470,
  5978,
  6673,
  3208,
  3970,
  4766,
  6016,
  3140,
  5642,
  7317,
  8075,
  4470,
  5526,
  6707,
  6086,
  7496,
  8256,
  4023,
  6093,
  9157,
  6438,
  8667,
  9480,
  4117,
  4933,
  9049,
  6432,
  7920,
  9445,
  4591,
  7286,
  9000,
  8518,
  9024,
  10190,
  5192,
  6180,
  6794,
  6410,
  7254,
  9405,
  5552,
  6607,
  9033,
  6960,
  8659,
  10419,
  5995,
  6539,
  7522,
  7052,
  8599,
  9255,
  4797,
  7765,
  9505,
  8039,
  9940,
  11215,
  4505,
  5186,
  7839,
  6619,
  7212,
  8833,
  3878,
  7543,
  9292,
  7390,
  8922,
  10029,
  4445,
  6279,
  8713,
  6414,
  7600,
  10301,
  5505,
  7461,
  9075,
  8198,
  9884,
  10521,
  4374,
  6594,
  7664,
  6765,
  7822,
  9095,
  5867,
  6415,
  9197,
  6757,
  8653,
  10915,
  5740,
  6264,
  8439,
  7484,
  8038,
  10125,
  5926,
  7982,
  9720,
  9049,
  10101,
  11365,
  4493,
  5900,
  7240,
  5943,
  7431,
  8860,
  4104,
  5885,
  10170,
  6249,
  9428,
  10272,
  4276,
  5257,
  9838,
  6466,
  8401,
  9125,
  5197,
  7779,
  8615,
  8580,
  9100,
  10859,
  5379,
  6090,
  7721,
  6864,
  7257,
  9573,
  5466,
  7001,
  8870,
  7531,
  9449,
  10035,
  5969,
  6581,
  7870,
  7371,
  8841,
  9549,
  5372,
  8203,
  9120,
  8412,
  9670,
  11577,
  4595,
  5790,
  8086,
  7055,
  7511,
  8660,
  3965,
  7154,
  10562,
  8331,
  8978,
  9708,
  5256,
  6022,
  9227,
  6155,
  7780,
  10806,
  5826,
  7429,
  9907,
  9015,
  9625,
  10236,
  5574,
  6070,
  8065,
  7266,
  7861,
  9401,
  6393,
  6827,
  9449,
  7784,
  9011,
  11134,
  6172,
  6697,
  8434,
  8102,
  8538,
  9900,
  5470,
  8091,
  10450,
  9113,
  10257,
  11971,
  4758,
  5343,
  7370,
  6740,
  7236,
  8284,
  3969,
  6435,
  9834,
  7064,
  8705,
  9804,
  3576,
  5848,
  9448,
  6669,
  7876,
  9709,
  5017,
  7386,
  9334,
  8200,
  9101,
  10644,
  5450,
  6363,
  6935,
  6596,
  7408,
  9609,
  4899,
  7019,
  9303,
  7269,
  9346,
  10488,
  6212,
  6769,
  7548,
  7578,
  8089,
  9498,
  4559,
  8493,
  9766,
  8012,
  9263,
  11838,
  4015,
  5522,
  8876,
  6697,
  7550,
  8906,
  4674,
  7288,
  9570,
  7951,
  9091,
  9737,
  4982,
  6453,
  8553,
  7139,
  8056,
  10097,
  6230,
  7573,
  9181,
  8333,
  9636,
  11130,
  5135,
  6835,
  7471,
  7376,
  8192,
  9052,
  5840,
  6496,
  9968,
  6834,
  9581,
  11364,
  5605,
  6666,
  8606,
  7546,
  8481,
  10223,
  6073,
  8053,
  10176,
  9484,
  10194,
  11353,
  4926,
  5490,
  7870,
  5897,
  7772,
  8549,
  4911,
  6484,
  10090,
  6907,
  9443,
  10805,
  4316,
  5436,
  10581,
  7040,
  8284,
  9750,
  6021,
  7783,
  8998,
  8375,
  9026,
  11338,
  5985,
  6536,
  7080,
  6856,
  7288,
  9908,
  6032,
  6925,
  9258,
  7903,
  9733,
  10354,
  6449,
  6941,
  7918,
  7955,
  8473,
  9608,
  5207,
  8686,
  9499,
  8456,
  10450,
  11398,
  4875,
  5467,
  8743,
  7076,
  7535,
  9045,
  4535,
  7841,
  10747,
  7988,
  9451,
  10029,
  5576,
  6225,
  9215,
  7180,
  8454,
  10701,
  6297,
  7327,
  9787,
  8964,
  10226,
  10839,
  5323,
  6715,
  8301,
  7335,
  7788,
  9935,
  6356,
  6958,
  10078,
  7534,
  9751,
  11059,
  6204,
  6690,
  9129,
  7940,
  8951,
  10334,
  5079,
  9440,
  11010,
  8969,
  10853,
  11880,
  4993,
  5656,
  6245,
  6455,
  7416,
  8067,
  3950,
  6762,
  9214,
  6347,
  8910,
  9874,
  4479,
  5049,
  9249,
  6465,
  8312,
  9513,
  4701,
  7991,
  9029,
  8470,
  8955,
  10522,
  5060,
  6350,
  7074,
  6750,
  7349,
  9363,
  5719,
  6832,
  9164,
  7171,
  8929,
  10718,
  5820,
  6979,
  7835,
  7509,
  8492,
  9290,
  5156,
  7863,
  9970,
  8048,
  10382,
  11236,
  4684,
  5305,
  8314,
  6888,
  7302,
  8884,
  4156,
  7101,
  9756,
  7569,
  9179,
  9821,
  5013,
  6357,
  8942,
  6975,
  7915,
  10372,
  5608,
  7290,
  9627,
  8257,
  9970,
  10855,
  4364,
  6813,
  8368,
  6948,
  7936,
  9467,
  6049,
  6591,
  9383,
  7153,
  9069,
  11291,
  6015,
  6537,
  8590,
  7639,
  8179,
  10350,
  6223,
  8090,
  9736,
  9012,
  10567,
  11370,
  4663,
  6314,
  7083,
  6412,
  7283,
  9063,
  4366,
  6481,
  10581,
  6058,
  9736,
  10686,
  4922,
  5793,
  9553,
  6657,
  8507,
  9803,
  5423,
  7810,
  9421,
  8882,
  9488,
  10470,
  5525,
  6515,
  7548,
  7006,
  7683,
  9534,
  5721,
  7119,
  9361,
  7488,
  9706,
  10372,
  6133,
  7227,
  7854,
  7500,
  8637,
  9874,
  5829,
  8458,
  9224,
  8504,
  10066,
  11429,
  4759,
  5856,
  8493,
  7178,
  7806,
  8535,
  4707,
  6873,
  10349,
  8196,
  9148,
  9999,
  4882,
  6594,
  9258,
  6828,
  7720,
  11317,
  6089,
  7262,
  10183,
  9205,
  9682,
  10666,
  5668,
  6458,
  8054,
  7192,
  8021,
  9620,
  6026,
  7045,
  9841,
  8039,
  8801,
  11414,
  6323,
  6771,
  8760,
  8351,
  8803,
  9947,
  5795,
  8498,
  10361,
  9533,
  10343,
  12082,
  5148,
  5687,
  7495,
  6964,
  7553,
  8265,
  4670,
  6618,
  9601,
  7042,
  9112,
  10295,
  4455,
  5933,
  9027,
  6502,
  7919,
  10000,
  5227,
  7588,
  9680,
  8461,
  9416,
  10497,
  5729,
  6320,
  6922,
  6625,
  7439,
  9990,
  5555,
  6941,
  9744,
  7538,
  9552,
  10702,
  6391,
  6937,
  7461,
  7796,
  8271,
  9757,
  5039,
  8079,
  10314,
  7736,
  9947,
  12145,
  4544,
  5503,
  8963,
  7006,
  7447,
  9381,
  4099,
  7999,
  9914,
  7724,
  9215,
  10122,
  4971,
  6910,
  8645,
  7233,
  8283,
  10368,
  6060,
  7845,
  9343,
  8505,
  10152,
  10696,
  5339,
  7206,
  7738,
  7674,
  8190,
  9095,
  5599,
  6498,
  10532,
  7588,
  9012,
  12115,
  5898,
  6773,
  8887,
  7801,
  8323,
  10611,
  6526,
  8332,
  10075,
  9418,
  10651,
  11424,
  4761,
  6270,
  8182,
  6379,
  7891,
  9087,
  5018,
  6369,
  10733,
  6687,
  9784,
  10534,
  5112,
  5931,
  9861,
  6913,
  8381,
  10095,
  6077,
  8160,
  8979,
  8995,
  9484,
  11102,
  5798,
  6373,
  7277,
  7090,
  7561,
  9951,
  6216,
  7034,
  9452,
  7891,
  9770,
  10728,
  6612,
  7191,
  7842,
  8153,
  8712,
  9614,
  5965,
  8791,
  9634,
  8405,
  10485,
  11884,
  5204,
  5749,
  8762,
  7349,
  7755,
  9098,
  4889,
  7425,
  11313,
  8213,
  9577,
  10275,
  5180,
  6625,
  9788,
  7498,
  8145,
  11296,
  6159,
  7671,
  9969,
  9360,
  10318,
  11041,
  5331,
  7138,
  8436,
  7342,
  8085,
  9856,
  6598,
  7153,
  10258,
  7800,
  9768,
  11584,
  6515,
  6976,
  8945,
  8212,
  8771,
  10506,
  5600,
  8825,
  10959,
  9994,
  11016,
  11968,
  4837,
  5940,
  6708,
  6349,
  7241,
  8578,
  4328,
  6385,
  9291,
  6807,
  8867,
  9577,
  4186,
  5469,
  9303,
  6728,
  8120,
  9294,
  5053,
  7373,
  8850,
  8768,
  9320,
  10136,
  5533,
  6128,
  6633,
  6634,
  7102,
  9604,
  5362,
  7065,
  9267,
  7389,
  8726,
  10417,
  6197,
  6737,
  7278,
  7250,
  8529,
  9586,
  5098,
  8089,
  9491,
  8140,
  10004,
  11643,
  4166,
  5179,
  8328,
  6717,
  7192,
  9121,
  4368,
  7524,
  9403,
  7759,
  8779,
  10100,
  4615,
  6665,
  8954,
  6805,
  7685,
  10636,
  5806,
  7523,
  9291,
  8565,
  9868,
  10542,
  4869,
  6808,
  8092,
  7023,
  8128,
  8921,
  5780,
  6452,
  9578,
  6494,
  9027,
  11437,
  5772,
  6332,
  8833,
  7765,
  8194,
  10054,
  5769,
  8324,
  9947,
  9272,
  9888,
  11598,
  4763,
  6019,
  7692,
  6352,
  7557,
  8776,
  4553,
  6120,
  10260,
  6552,
  9097,
  10651,
  4685,
  5614,
  9929,
  6807,
  8477,
  9462,
  5629,
  7872,
  8955,
  8882,
  9344,
  10728,
  5566,
  6146,
  7356,
  7052,
  7449,
  9667,
  5754,
  7141,
  9007,
  7690,
  9487,
  10371,
  6224,
  6716,
  8092,
  7776,
  8792,
  9525,
  5569,
  8302,
  9586,
  8869,
  9737,
  11671,
  4998,
  5575,
  8281,
  7180,
  7730,
  8839,
  4661,
  7149,
  10755,
  8568,
  9110,
  9908,
  5031,
  6250,
  9595,
  6856,
  8186,
  10640,
  5740,
  7820,
  10040,
  8953,
  9960,
  10503,
  5371,
  6213,
  8398,
  7437,
  7868,
  9592,
  6408,
  6945,
  9744,
  7899,
  9453,
  11022,
  6388,
  6864,
  8399,
  8123,
  8630,
  10200,
  5544,
  7729,
  11018,
  9372,
  10663,
  11784,
  5120,
  5790,
  7025,
  6848,
  7339,
  8549,
  4449,
  6671,
  10011,
  7175,
  9157,
  9812,
  4393,
  5844,
  9508,
  6989,
  7865,
  9842,
  5386,
  7420,
  9410,
  8216,
  9202,
  10989,
  5362,
  6459,
  7247,
  6820,
  7565,
  9704,
  5214,
  7150,
  9684,
  7861,
  9235,
  10684,
  6206,
  6820,
  7813,
  7635,
  8507,
  9615,
  5261,
  8361,
  9925,
  8307,
  9700,
  12050,
  4264,
  5729,
  8536,
  6888,
  7654,
  9275,
  4993,
  7384,
  9952,
  7883,
  9083,
  10023,
  5365,
  6383,
  8823,
  7396,
  7894,
  10422,
  6293,
  7532,
  9497,
  8610,
  9971,
  11000,
  5442,
  6777,
  7855,
  7337,
  8196,
  9349,
  6174,
  6678,
  9930,
  7560,
  9406,
  11462,
  5965,
  7015,
  8633,
  7776,
  8684,
  10414,
  6202,
  8480,
  9990,
  9740,
  10392,
  11685,
  5197,
  5854,
  7927,
  6386,
  7920,
  8591,
  5181,
  6939,
  10202,
  7107,
  9791,
  10518,
  4891,
  5733,
  10333,
  7262,
  8394,
  9958,
  5766,
  7979,
  9365,
  8670,
  9357,
  11308,
  5903,
  6727,
  7283,
  6907,
  7416,
  10303,
  5870,
  6863,
  9610,
  8183,
  9544,
  10720,
  6511,
  7075,
  8191,
  7888,
  8679,
  9819,
  5612,
  8787,
  9947,
  8833,
  10358,
  11684,
  4934,
  6036,
  8804,
  7109,
  7891,
  9140,
  4437,
  8539,
  10899,
  8394,
  9431,
  10032,
  5453,
  6184,
  9602,
  7511,
  8571,
  10731,
  6497,
  7634,
  9802,
  9406,
  10063,
  10725,
  5764,
  6943,
  8236,
  7604,
  8016,
  9812,
  6251,
  6950,
  10652,
  7587,
  10295,
  11231,
  6393,
  6867,
  9158,
  7878,
  8834,
  10748,
  5630,
  9248,
  10314,
  8823,
  11091,
  12450,
  5241,
  5832,
  6580,
  6618,
  7559,
  8414,
  4392,
  6913,
  9329,
  6675,
  9275,
  9939,
  4736,
  5398,
  9341,
  6760,
  8148,
  9712,
  5182,
  7678,
  9164,
  8683,
  9172,
  10441,
  5457,
  6038,
  7030,
  6654,
  7704,
  9462,
  5519,
  6683,
  9420,
  7593,
  8981,
  10642,
  6074,
  7016,
  7505,
  7946,
  8541,
  9274,
  5491,
  7931,
  9813,
  7825,
  10453,
  11745,
  4519,
  5072,
  8704,
  6915,
  7360,
  9174,
  4508,
  7377,
  10136,
  7512,
  9049,
  10330,
  5259,
  6405,
  9279,
  7160,
  7805,
  10825,
  5963,
  7636,
  9610,
  8341,
  10302,
  11023,
  4722,
  7427,
  8211,
  7051,
  8238,
  9340,
  6150,
  6700,
  9639,
  7553,
  8797,
  11546,
  6063,
  6523,
  8911,
  7949,
  8369,
  10204,
  6395,
  8163,
  9798,
  9295,
  10309,
  11653,
  4964,
  6479,
  7617,
  6555,
  7540,
  9238,
  4545,
  6285,
  11331,
  6442,
  9985,
  11159,
  4527,
  6178,
  9813,
  6739,
  8811,
  10012,
  5651,
  7653,
  9622,
  8852,
  9786,
  10766,
  5750,
  6271,
  7720,
  7227,
  7693,
  9680,
  6083,
  7286,
  9171,
  7519,
  9979,
  10639,
  6124,
  7061,
  8253,
  7698,
  8887,
  9827,
  6067,
  8391,
  9611,
  8647,
  10064,
  11880,
  5276,
  5863,
  8382,
  7395,
  7987,
  8802,
  5082,
  7550,
  10519,
  8250,
  9164,
  10296,
  5144,
  6798,
  9501,
  7126,
  8507,
  11163,
  5794,
  7572,
  10406,
  9272,
  9825,
  11037,
  5966,
  6512,
  8257,
  7401,
  8273,
  9613,
  6580,
  7136,
  9903,
  8108,
  9401,
  11397,
  6591,
  7037,
  8594,
  8322,
  8830,
  10228,
  6260,
  8380,
  10897,
  9537,
  10861,
  12078,
  5152,
  6074,
  7385,
  6817,
  7810,
  8658,
  4812,
  6980,
  9837,
  7164,
  9511,
  10127,
  4709,
  6154,
  9299,
  6794,
  8031,
  10124,
  5381,
  7465,
  10122,
  8583,
  9546,
  10864,
  5592,
  6624,
  7138,
  6809,
  7691,
  10053,
  5640,
  7014,
  10163,
  7508,
  9206,
  10937,
  6443,
  7099,
  7644,
  7792,
  8486,
  9981,
  5085,
  8619,
  10451,
  8172,
  10387,
  12379,
  4960,
  5735,
  9118,
  7203,
  7614,
  9340,
  4674,
  7884,
  9966,
  7955,
  9298,
  10338,
  5160,
  6800,
  9033,
  7496,
  8162,
  10752,
  6255,
  7803,
  9663,
  8729,
  10300,
  11098,
  5592,
  7405,
  8106,
  7748,
  8290,
  9444,
  6076,
  6714,
  10309,
  7123,
  9652,
  12053,
  6179,
  7051,
  8946,
  8032,
  8512,
  10548,
  6503,
  8558,
  10391,
  9798,
  10780,
  11688,
  5185,
  6298,
  8063,
  6632,
  8125,
  8905,
  5299,
  7003,
  10728,
  7026,
  10012,
  10935,
  5303,
  6223,
  10175,
  7190,
  8684,
  10135,
  6170,
  8180,
  9355,
  8825,
  9824,
  11198,
  5649,
  6913,
  7464,
  7218,
  7668,
  10251,
  6005,
  7277,
  9537,
  7947,
  10143,
  10826,
  6801,
  7362,
  8009,
  8056,
  8857,
  9999,
  6057,
  8916,
  10241,
  8987,
  10527,
  12277,
  5453,
  6045,
  8791,
  7485,
  7963,
  9214,
  5246,
  8289,
  11004,
  8589,
  9686,
  10268,
  5495,
  6604,
  9889,
  7793,
  8516,
  11083,
  6462,
  8044,
  10417,
  9780,
  10460,
  11173,
  5610,
  7351,
  8609,
  7557,
  8300,
  9870,
  6711,
  7271,
  10681,
  7307,
  10038,
  11492,
  6582,
  7057,
  9311,
  8223,
  8722,
  10924,
  5754,
  9627,
  11152,
  9560,
  11161,
  12498,
  9092,
  10387,
  12960,
  11028,
  11802,
  12500,
  10175,
  10870,
  12021,
  11058,
  13002,
  13512,
  9164,
  12010,
  12626,
  10356,
  12636,
  13150,
  10157,
  11253,
  13918,
  11608,
  13392,
  13834,
  9686,
  10936,
  12695,
  10926,
  12680,
  13152,
  10598,
  11969,
  12622,
  11231,
  13212,
  13760,
  9099,
  12534,
  13247,
  10428,
  12976,
  14135,
  9952,
  12462,
  14325,
  12396,
  13339,
  13850,
  7803,
  11222,
  13914,
  11325,
  12081,
  13134,
  10410,
  11203,
  13291,
  12005,
  12748,
  13309,
  9811,
  11535,
  13106,
  10649,
  12780,
  13745,
  10585,
  12062,
  13176,
  11873,
  13662,
  14181,
  8936,
  11770,
  13988,
  11355,
  12112,
  13619,
  10948,
  11657,
  13001,
  11058,
  13448,
  13959,
  9813,
  12473,
  13706,
  10531,
  13474,
  14051,
  10743,
  12103,
  14234,
  12474,
  13962,
  14508,
  8813,
  11238,
  13064,
  11079,
  12332,
  12846,
  10604,
  11428,
  12208,
  11389,
  12874,
  13801,
  9967,
  11790,
  12505,
  10296,
  13176,
  13765,
  9873,
  11884,
  14066,
  12182,
  13064,
  14137,
  8998,
  10997,
  13765,
  11290,
  12794,
  13317,
  10657,
  12398,
  12933,
  11688,
  12798,
  14216,
  8634,
  12952,
  13865,
  11060,
  12864,
  14530,
  10306,
  12484,
  13850,
  12328,
  13674,
  14138,
  8580,
  12080,
  13247,
  11652,
  12386,
  12972,
  10739,
  11596,
  13469,
  11893,
  13090,
  13589,
  10139,
  12249,
  12867,
  10847,
  13133,
  14148,
  10603,
  12079,
  13679,
  11440,
  13987,
  14546,
  9494,
  11920,
  13452,
  11642,
  12758,
  13547,
  11029,
  11804,
  13899,
  11139,
  13410,
  14424,
  9860,
  13110,
  13696,
  10389,
  13838,
  14491,
  10726,
  12593,
  14100,
  13074,
  14074,
  14532,
  8163,
  10672,
  13492,
  11335,
  12078,
  12729,
  10264,
  11116,
  12701,
  11516,
  13066,
  13522,
  9617,
  12313,
  12927,
  10632,
  12917,
  13398,
  10247,
  11722,
  13568,
  12010,
  13375,
  13890,
  9829,
  10879,
  13365,
  10975,
  12653,
  13485,
  10970,
  12000,
  12889,
  11398,
  13301,
  14107,
  9370,
  12953,
  13635,
  10612,
  13319,
  14499,
  10378,
  12598,
  14399,
  12674,
  13495,
  14019,
  7801,
  11873,
  14121,
  11352,
  12422,
  13322,
  10374,
  11681,
  12983,
  12011,
  12766,
  13797,
  10102,
  12168,
  13365,
  11024,
  12829,
  13860,
  10585,
  12466,
  13420,
  11968,
  14022,
  14539,
  8914,
  12340,
  14211,
  11720,
  12378,
  13408,
  11026,
  11935,
  13410,
  11406,
  13685,
  14198,
  9921,
  12975,
  14212,
  10868,
  13683,
  14295,
  10921,
  12478,
  14405,
  12718,
  14317,
  14773,
  8389,
  11404,
  13858,
  11330,
  12508,
  13002,
  10670,
  11482,
  12692,
  11694,
  13060,
  13867,
  9871,
  12678,
  13217,
  10754,
  13176,
  13743,
  10302,
  12093,
  14234,
  12200,
  13490,
  14435,
  9518,
  11407,
  13966,
  11287,
  12539,
  13675,
  10973,
  12328,
  13254,
  11765,
  13262,
  14249,
  9146,
  13471,
  14266,
  11407,
  13066,
  14645,
  10716,
  12783,
  14474,
  12808,
  13756,
  14259,
  8366,
  12137,
  14162,
  11621,
  12725,
  13204,
  10538,
  11616,
  14035,
  12293,
  13069,
  13572,
  10222,
  12826,
  13519,
  11224,
  12988,
  14172,
  10936,
  12335,
  13780,
  11584,
  14065,
  15063,
  9438,
  12386,
  14222,
  11655,
  12477,
  13866,
  11284,
  12196,
  14132,
  11599,
  13571,
  14514,
  9987,
  13517,
  14227,
  11007,
  13913,
  14627,
  11264,
  12608,
  14263,
  13466,
  14440,
  14815};
#endif
